1582102800	4/5/2011	11:00	72.5	25.2	31.3	5.5
1582106400	4/5/2011	12:00	72	25.3	31.3	5.6
1582110000	4/5/2011	13:00	72	25.3	31.3	6
1582113600	4/5/2011	14:00	72	25.3	31.3	4.7
1582117200	4/5/2011	15:00	72	25.3	31.2	4.4
1582120800	4/5/2011	16:00	72	25.3	31.3	3.6
1582124400	4/5/2011	17:00	72	25.3	31.2	3
1582128000	4/5/2011	18:00	72	25.3	31.2	2.9
1582131600	4/5/2011	19:00	72	25.4	31.2	3
1582135200	4/5/2011	20:00	72	25.4	31.2	3.1
1582138800	4/5/2011	21:00	72	25.4	31.2	2.9
1582142400	4/5/2011	22:00	72	25.4	31.2	2.7
1582146000	4/5/2011	23:00	73	25.3	31.2	2.5
1582149600	4/6/2011	0:00	74	25.4	31.1	2.1
1582153200	4/6/2011	1:00	73	25.4	31.2	1.6
1582156800	4/6/2011	2:00	73	25.4	31.2	1.4
1582160400	4/6/2011	3:00	73	25.4	31.1	0.7
1582164000	4/6/2011	4:00	73	25.4	31.1	0.1
1582167600	4/6/2011	5:00	72	25.3	31.1	-1.9
1582171200	4/6/2011	6:00	72	25.4	31.1	0
1582174800	4/6/2011	7:00	72	25.2	31.2	1.4
1582178400	4/6/2011	8:00	71	25.2	31.2	1.9
1582182000	4/6/2011	9:00	71	25.2	31.2	2.9
1582185600	4/6/2011	10:00	71	25.2	31.2	3.4
1582189200	4/6/2011	11:00	71	25.2	31.3	4.2
1582192800	4/6/2011	12:00	71	25.2	31.3	5.3
1582196400	4/6/2011	13:00	71	25.2	31.3	4.4
1582200000	4/6/2011	14:00	71	25.2	31.3	0.3
1582203600	4/6/2011	15:00	71	25.2	31.3	1
1582207200	4/6/2011	16:00	72	25.2	31.3	0.4
1582210800	4/6/2011	17:00	72	25.2	31.3	-2.5
1582214400	4/6/2011	18:00	71	25.2	31.2	-2.7
1582218000	4/6/2011	19:00	72	25.2	31.2	-2.4
1582221600	4/6/2011	20:00	72	25.3	31.2	-1.9
1582225200	4/6/2011	21:00	72	25.4	31.2	-2.3
1582228800	4/6/2011	22:00	72	25.5	31.2	-4.6
1582232400	4/6/2011	23:00	71	25.3	31.1	-4.8
1582236000	4/7/2011	0:00	72	25.5	31.1	-5.9
1582239600	4/7/2011	1:00	72	25.5	31.1	-4.4
1582243200	4/7/2011	2:00	72	25.4	31.1	-4.2
1582246800	4/7/2011	3:00	72	25.5	31.1	-5.5
1582250400	4/7/2011	4:00	72	25.5	31.1	-6.2
1582254000	4/7/2011	5:00	72	25.5	31.1	-5.9
1582257600	4/7/2011	6:00	72	25.5	31.1	-1.8
1582261200	4/7/2011	7:00	70	25.1	31.1	-0.3
1582264800	4/7/2011	8:00	70	25	31.2	0.7
1582268400	4/7/2011	9:00	70	24.8	31.2	4.1
1582272000	4/7/2011	10:00	69	25	31.3	5.9
1582275600	4/7/2011	11:00	69	25.2	31.3	6.9
1582279200	4/7/2011	12:00	70	25.2	31.4	4.2
1582282800	4/7/2011	13:00	70	25.2	31.4	3.2
1582286400	4/7/2011	14:00	69	25.2	31.4	2.5
1582290000	4/7/2011	15:00	69.5	25.1	31.3	2.4
1582293600	4/7/2011	16:00	69.5	25.1	31.3	1.4
1582297200	4/7/2011	17:00	69.5	25.2	31.3	0.6
1582300800	4/7/2011	18:00	69.5	25.2	31.2	-0.5
1582304400	4/7/2011	19:00	69.5	25.4	31.2	-0.8
1582308000	4/7/2011	20:00	69.5	25.4	31.1	-1.2
1582311600	4/7/2011	21:00	69.5	25.4	31.1	-2.3
1582315200	4/7/2011	22:00	69.5	25.2	31.1	-1.6
1582318800	4/7/2011	23:00	69.5	25.2	31.1	-1.7
1582322400	4/8/2011	0:00	70	25.2	31.1	-2.1
1582326000	4/8/2011	1:00	69	25.2	31.1	-2.4
1582329600	4/8/2011	2:00	69	25.2	31.1	-2.5
1582333200	4/8/2011	3:00	69	25.3	31.1	-2.8
1582336800	4/8/2011	4:00	69	25.4	31.1	-3.5
1582340400	4/8/2011	5:00	69	25.4	31.1	-3.2
1582344000	4/8/2011	6:00	69	25.1	31.1	-0.5
1582347600	4/8/2011	7:00	69	24.9	31	0.1
1582351200	4/8/2011	8:00	69	24.9	31.2	2.1
1582354800	4/8/2011	9:00	68	24.9	31.2	4.2
1582358400	4/8/2011	10:00	68	25	31.3	5
1582362000	4/8/2011	11:00	68	25	31.3	5.3
1582365600	4/8/2011	12:00	68	25	31.3	5.5
1582369200	4/8/2011	13:00	69	25	31.3	5.8
1582372800	4/8/2011	14:00	68	25	31.3	5.8
1582376400	4/8/2011	15:00	68	25	31.3	5.6
1582380000	4/8/2011	16:00	68.5	25	31.3	4.1
1582383600	4/8/2011	17:00	69	25	31.3	2.4
1582387200	4/8/2011	18:00	68	25.1	31.2	1.9
1582390800	4/8/2011	19:00	68	25.2	31.2	0.7
1582394400	4/8/2011	20:00	68	25.2	31.2	1.4
1582398000	4/8/2011	21:00	68	25.1	31.1	0.9
1582401600	4/8/2011	22:00	68	25.1	31.1	1.2
1582405200	4/8/2011	23:00	67	25.1	31.1	1.5
1582408800	4/9/2011	0:00	66	25.2	31.1	0.9
1582412400	4/9/2011	1:00	67	25.1	31.2	0.9
1582416000	4/9/2011	2:00	67	25.1	31.1	0.9
1582419600	4/9/2011	3:00	67	25.1	31	0.8
1582423200	4/9/2011	4:00	67	25.1	31.1	0.3
1582426800	4/9/2011	5:00	67	25.2	31.1	0.2
1582430400	4/9/2011	6:00	67	24.9	31.1	1.8
1582434000	4/9/2011	7:00	67	24.8	31.1	2.4
1582437600	4/9/2011	8:00	68	24.7	31.2	3.5
1582441200	4/9/2011	9:00	68	24.8	31.2	4
1582444800	4/9/2011	10:00	68	24.8	31.2	3.8
1582448400	4/9/2011	11:00	68	24.8	31.3	5.5
1582452000	4/9/2011	12:00	67	24.8	31.3	4.3
1582455600	4/9/2011	13:00	67	24.9	31.3	2.4
1582459200	4/9/2011	14:00	67	24.8	31.3	2.6
1582462800	4/9/2011	15:00	67	24.9	31.3	2.5
1582466400	4/9/2011	16:00	67	24.9	31.2	-1
1582470000	4/9/2011	17:00	67	24.9	31.2	-2.4
1582473600	4/9/2011	18:00	67	24.9	31.2	-3.2
1582477200	4/9/2011	19:00	67	24.9	31.2	-3.6
1582480800	4/9/2011	20:00	67	24.9	31.2	-4
1582484400	4/9/2011	21:00	67	25	31.2	-4.1
1582488000	4/9/2011	22:00	67	25	31.2	-6.2
1582491600	4/9/2011	23:00	67	25	31.2	-7.2
1582495200	4/10/2011	0:00	66	25.2	31.3	-9.4
1582498800	4/10/2011	1:00	69	25.2	31.3	-9.2
1582502400	4/10/2011	2:00	69	25.2	31.3	-10.8
1582506000	4/10/2011	3:00	69	25.2	31.3	-13.2
1582509600	4/10/2011	4:00	69	25.2	31.3	-12.1
1582513200	4/10/2011	5:00	72	25.2	31.3	-11.6
1582516800	4/10/2011	6:00	71.5	25.2	31.3	-10.9
1582520400	4/10/2011	7:00	71	25.3	31.3	-9.8
1582524000	4/10/2011	8:00	70.5	25.3	31.4	-8.4
1582527600	4/10/2011	9:00	70.5	25.2	31.4	-6.7
1582531200	4/10/2011	10:00	70	25.3	31.5	-6
1582534800	4/10/2011	11:00	70.5	25.3	31.5	-6.1
1582538400	4/10/2011	12:00	71	25.2	31.5	-5.1
1582542000	4/10/2011	13:00	69.5	25.3	31.5	-5.3
1582545600	4/10/2011	14:00	69.5	25.3	31.5	-6.2
1582549200	4/10/2011	15:00	69.5	25.3	31.5	-7
1582552800	4/10/2011	16:00	69.5	25.3	31.5	-7.6
1582556400	4/10/2011	17:00	69.5	25.4	31.5	-8
1582560000	4/10/2011	18:00	69.5	25.4	31.5	-8.8
1582563600	4/10/2011	19:00	69.5	25.4	31.5	-8.7
1582567200	4/10/2011	20:00	69.5	25.4	31.5	-8.9
1582570800	4/10/2011	21:00	69.5	25.4	31.5	-9
1582574400	4/10/2011	22:00	69.5	25.5	31.5	-9
1582578000	4/10/2011	23:00	69.5	25.5	31.5	-9
1582581600	4/11/2011	0:00	68	25.5	31.5	-9.2
1582585200	4/11/2011	1:00	67.5	25.5	31.5	-9
1582588800	4/11/2011	2:00	67.5	25.6	31.5	-9.1
1582592400	4/11/2011	3:00	67.5	25.6	31.5	-9.5
1582596000	4/11/2011	4:00	67.5	25.6	31.5	-9.7
1582599600	4/11/2011	5:00	67.5	25.5	31.5	-9.8
1582603200	4/11/2011	6:00	67.5	25.6	31.5	-5.9
1582606800	4/11/2011	7:00	67.5	25.6	31.6	-3.6
1582610400	4/11/2011	8:00	67.5	25.6	31.6	-3.7
1582614000	4/11/2011	9:00	67.5	25.6	31.7	0.9
1582617600	4/11/2011	10:00	67.5	25.5	31.8	0.9
1582621200	4/11/2011	11:00	67.5	25.5	31.8	2.2
1582624800	4/11/2011	12:00	67.5	25.4	31.8	4.3
1582628400	4/11/2011	13:00	67.5	25.4	31.8	4.9
1582632000	4/11/2011	14:00	67	25.4	31.9	7.4
1582635600	4/11/2011	15:00	67	25.4	31.9	5.4
1582639200	4/11/2011	16:00	68	25.5	31.9	2.2
1582642800	4/11/2011	17:00	69	25.5	31.8	-0.2
1582646400	4/11/2011	18:00	69	25.5	31.8	-2.3
1582650000	4/11/2011	19:00	69	25.7	31.7	-3.7
1582653600	4/11/2011	20:00	69	25.8	31.6	-4.1
1582657200	4/11/2011	21:00	70	25.8	31.6	-4.2
1582660800	4/11/2011	22:00	69	25.8	31.6	-0.2
1582664400	4/11/2011	23:00	70	25.8	31.6	-1.2
1582668000	4/12/2011	0:00	70	25.9	31.6	-4.3
1582671600	4/12/2011	1:00	70	25.9	31.6	-4.9
1582675200	4/12/2011	2:00	70	25.9	31.6	-5.3
1582678800	4/12/2011	3:00	69	25.9	31.6	-6.2
1582682400	4/12/2011	4:00	69	25.9	31.6	-6.3
1582686000	4/12/2011	5:00	69	25.9	31.6	-6.1
1582689600	4/12/2011	6:00	68	25.6	31.6	2.2
1582693200	4/12/2011	7:00	68	25.4	31.7	3.2
1582696800	4/12/2011	8:00	68	25.4	31.7	5.1
1582700400	4/12/2011	9:00	68	25.4	31.7	5
1582704000	4/12/2011	10:00	68	25.3	31.8	7
1582707600	4/12/2011	11:00	68	25.3	31.8	6.2
1582711200	4/12/2011	12:00	68	25.3	31.9	5.3
1582714800	4/12/2011	13:00	68	25.4	31.8	3.7
1582718400	4/12/2011	14:00	69	25.4	31.8	1.6
1582722000	4/12/2011	15:00	68	25.5	31.8	1.2
1582725600	4/12/2011	16:00	68	25.5	31.7	0.2
1582729200	4/12/2011	17:00	69	25.6	31.7	-1
1582732800	4/12/2011	18:00	69	25.6	31.7	-2.3
1582736400	4/12/2011	19:00	69	25.7	31.7	-2.5
1582740000	4/12/2011	20:00	69	25.7	31.7	-2.6
1582743600	4/12/2011	21:00	69	25.8	31.7	-3.1
1582747200	4/12/2011	22:00	69	25.8	31.7	-2.6
1582750800	4/12/2011	23:00	69	25.8	31.7	-2.4
1582754400	4/13/2011	0:00	69	25.8	31.6	-1.6
1582758000	4/13/2011	1:00	68.5	25.8	31.7	-3.3
1582761600	4/13/2011	2:00	68.5	25.9	31.6	-4.8
1582765200	4/13/2011	3:00	68.5	25.9	31.6	-2.8
1582768800	4/13/2011	4:00	68.5	26	31.6	-3.6
1582772400	4/13/2011	5:00	68	25.9	31.6	-3.8
1582776000	4/13/2011	6:00	68	25.8	31.6	0.7
1582779600	4/13/2011	7:00	67	25.6	31.7	1
1582783200	4/13/2011	8:00	67	25.5	31.7	3.4
1582786800	4/13/2011	9:00	67	25.4	31.8	4.3
1582790400	4/13/2011	10:00	67	25.3	31.8	5.8
1582794000	4/13/2011	11:00	67	25.4	31.9	5.5
1582797600	4/13/2011	12:00	46	25.4	31.9	2.8
1582801200	4/13/2011	13:00	46	25.4	31.9	1
1582804800	4/13/2011	14:00	46	25.5	31.8	-0.7
1582808400	4/13/2011	15:00	46	25.6	31.9	-2.8
1582812000	4/13/2011	16:00	46	25.7	31.9	-2.8
1582815600	4/13/2011	17:00	25	25.9	32	-3
1582819200	4/13/2011	18:00	52	26.1	32.1	-3
1582822800	4/13/2011	19:00	52	26.1	32.1	-3
1582826400	4/13/2011	20:00	52	26.2	32.2	-3.2
1582830000	4/13/2011	21:00	52	26.2	32.2	-3
1582833600	4/13/2011	22:00	52	26.2	32.2	-2.9
1582837200	4/13/2011	23:00	52	26.3	32.2	-3.7
1582840800	4/14/2011	0:00	52	26.3	32.2	-3.2
1582844400	4/14/2011	1:00	52	26.3	32.2	-3.7
1582848000	4/14/2011	2:00	52	26.5	32.4	-4.2
1582851600	4/14/2011	3:00	52	26.5	32.4	-4.4
1582855200	4/14/2011	4:00	52	26.6	32.5	-4.6
1582858800	4/14/2011	5:00	52	26.6	32.5	-5.1
1582862400	4/14/2011	6:00	52	26.7	32.6	-5.4
1582866000	4/14/2011	7:00	52	26.8	32.7	-5.8
1582869600	4/14/2011	8:00	52	26.8	32.7	-6.1
1582873200	4/14/2011	9:00	52	26.8	32.7	-5.7
1582876800	4/14/2011	10:00	78	26.9	32.7	-2.6
1582880400	4/14/2011	11:00	78	26.9	32.8	-2.1
1582884000	4/14/2011	12:00	76	26.9	32.8	-3
1582887600	4/14/2011	13:00	76	26.8	32.8	-3.2
1582891200	4/14/2011	14:00	76	26.8	32.8	-5
1582894800	4/14/2011	15:00	77	26.9	32.8	-5.1
1582898400	4/14/2011	16:00	77	26.9	32.8	-7.1
1582902000	4/14/2011	17:00	77	26.9	32.8	-7.6
1582905600	4/14/2011	18:00	78	26.9	32.8	-8.4
1582909200	4/14/2011	19:00	78	27	32.8	-9.2
1582912800	4/14/2011	20:00	78	27	32.8	-9.9
1582916400	4/14/2011	21:00	78	27	32.8	-10
1582920000	4/14/2011	22:00	78	27	32.7	-10.2
1582923600	4/14/2011	23:00	78	26.9	32.7	-10.6
1582927200	4/15/2011	0:00	77	27	32.9	-11
1582930800	4/15/2011	1:00	78	27	32.6	-11.6
1582934400	4/15/2011	2:00	78	27.1	32.7	-12.1
1582938000	4/15/2011	3:00	77	27	32.6	-12.3
1582941600	4/15/2011	4:00	78	27	32.6	-12.6
1582945200	4/15/2011	5:00	78	27	32.6	-12.7
1582948800	4/15/2011	6:00	77	27	32.4	-12.1
1582952400	4/15/2011	7:00	76	27.1	32.6	-9.3
1582956000	4/15/2011	8:00	76	27.1	32.9	-7.1
1582959600	4/15/2011	9:00	75	27.1	32.9	-5.5
1582963200	4/15/2011	10:00	76	27.1	32.9	-5.1
1582966800	4/15/2011	11:00	75	27.1	32.9	-2.8
1582970400	4/15/2011	12:00	75	27.1	33	-1.9
1582974000	4/15/2011	13:00	75	27.1	32.9	-1.5
1582977600	4/15/2011	14:00	74	27.1	33	-0.5
1582981200	4/15/2011	15:00	75	27	32.9	-2.1
1582984800	4/15/2011	16:00	75	27	33	-3.9
1582988400	4/15/2011	17:00	75	27	32.9	-5
1582992000	4/15/2011	18:00	75	27	32.9	-6.9
1582995600	4/15/2011	19:00	75	27	32.9	-7.8
1582999200	4/15/2011	20:00	75	27	32.9	-6.8
1583002800	4/15/2011	21:00	75	27	32.8	-5.1
1583006400	4/15/2011	22:00	75	27	32.8	-4.5
1583010000	4/15/2011	23:00	75	27.1	32.9	-4.3
1583013600	4/16/2011	0:00	76	27.1	33	-6
1583017200	4/16/2011	1:00	75	27.1	32.8	-5.3
1583020800	4/16/2011	2:00	75	27.1	32.8	-4.2
1583024400	4/16/2011	3:00	75	27.1	32.8	-4.2
1583028000	4/16/2011	4:00	75	27.1	32.8	-4.4
1583031600	4/16/2011	5:00	75	27.1	32.8	-4.6
1583035200	4/16/2011	6:00	75	27.1	32.8	-3.2
1583038800	4/16/2011	7:00	74	27.1	32.8	-1.6
1583042400	4/16/2011	8:00	74	27.1	32.9	-1
1583046000	4/16/2011	9:00	73	27.1	32.9	0.6
1583049600	4/16/2011	10:00	73	27.1	32.9	1.2
1583053200	4/16/2011	11:00	73	27.1	33	0.5
1583056800	4/16/2011	12:00	74	27.1	33	1.6
1583060400	4/16/2011	13:00	74	27	33	0.5
1583064000	4/16/2011	14:00	74	27.1	33	1.6
1583067600	4/16/2011	15:00	74	27.1	33	0.4
1583071200	4/16/2011	16:00	74	27.1	33	0
1583074800	4/16/2011	17:00	74	27.1	33	-0.8
1583078400	4/16/2011	18:00	74	27.1	33	-1.6
1583082000	4/16/2011	19:00	74	27.1	33	-2.5
1583085600	4/16/2011	20:00	74	27.1	33	-1.3
1583089200	4/16/2011	21:00	74	27.1	33	-2.4
1583092800	4/16/2011	22:00	74	27.1	33	-2.7
1583096400	4/16/2011	23:00	74	27.1	33	-3
1583100000	4/17/2011	0:00	75	27.1	33	-3.2
1583103600	4/17/2011	1:00	75	27.1	33	-3.4
1583107200	4/17/2011	2:00	75	27.1	33	-1.3
1583110800	4/17/2011	3:00	75	27.1	33	-0.5
1583114400	4/17/2011	4:00	75	27.2	33	-0.6
1583118000	4/17/2011	5:00	75	27.2	33	-0.2
1583121600	4/17/2011	6:00	74	27.2	33	0.2
1583125200	4/17/2011	7:00	73	27.1	33	2.4
1583128800	4/17/2011	8:00	73.5	27.1	33	2.3
1583132400	4/17/2011	9:00	74	27.1	33	1.9
1583136000	4/17/2011	10:00	73	27	33	1.4
1583139600	4/17/2011	11:00	73	27.1	33.1	2.6
1583143200	4/17/2011	12:00	73	27.1	33.1	2.9
1583146800	4/17/2011	13:00	74.5	27.1	33.1	1.8
1583150400	4/17/2011	14:00	74.5	27.1	33.1	1.5
1583154000	4/17/2011	15:00	74.5	27.1	33.1	0.7
1583157600	4/17/2011	16:00	74.5	27.2	33.2	0.8
1583161200	4/17/2011	17:00	74.5	27.2	33.2	0.7
1583164800	4/17/2011	18:00	76	27.2	33.2	0.8
1583168400	4/17/2011	19:00	47	27.2	33.2	0.7
1583172000	4/17/2011	20:00	60	27.3	33.3	0.5
1583175600	4/17/2011	21:00	60	27.3	33.3	0.4
1583179200	4/17/2011	22:00	60	27.3	33.3	0.7
1583182800	4/17/2011	23:00	60	27.3	33.3	1
1583186400	4/18/2011	0:00	74	27.3	33.3	1.8
1583190000	4/18/2011	1:00	76	27.3	33.3	1.3
1583193600	4/18/2011	2:00	52	27.4	33.3	0.6
1583197200	4/18/2011	3:00	35	27.3	33.3	1.9
1583200800	4/18/2011	4:00	52	27.3	33.3	2.1
1583204400	4/18/2011	5:00	52	27.3	33.3	1.9
1583208000	4/18/2011	6:00	76	27.3	33.4	2
1583211600	4/18/2011	7:00	75	27.3	33.4	2.6
1583215200	4/18/2011	8:00	75	27.3	33.4	4
1583218800	4/18/2011	9:00	75	27.4	33.4	5.6
1583222400	4/18/2011	10:00	74	27.3	33.4	7.1
1583226000	4/18/2011	11:00	73	27.3	33.4	7.3
1583229600	4/18/2011	12:00	72	27.3	33.5	7.3
1583233200	4/18/2011	13:00	72	27.3	33.5	5
1583236800	4/18/2011	14:00	72	27.2	33.5	4.7
1583240400	4/18/2011	15:00	72	27.2	33.4	4.2
1583244000	4/18/2011	16:00	72	27.2	33.4	3.5
1583247600	4/18/2011	17:00	72	27.2	33.4	3.3
1583251200	4/18/2011	18:00	72.5	27.2	33.4	2.7
1583254800	4/18/2011	19:00	72.5	27.2	33.4	2
1583258400	4/18/2011	20:00	72.5	27.2	33.4	-1.5
1583262000	4/18/2011	21:00	73	27.4	33.5	-2.1
1583265600	4/18/2011	22:00	74.5	27.5	33.7	-2.6
1583269200	4/18/2011	23:00	74.5	27.6	33.7	-2.8
1583272800	4/19/2011	0:00	76	27.6	33.7	-3.8
1583276400	4/19/2011	1:00	78	27.6	33.7	-4.1
1583280000	4/19/2011	2:00	78	27.7	33.7	-4.1
1583283600	4/19/2011	3:00	78	27.6	33.8	-4.5
1583287200	4/19/2011	4:00	78	27.7	33.8	-4.5
1583290800	4/19/2011	5:00	78	27.7	33.8	-4.5
1583294400	4/19/2011	6:00	78	27.7	33.8	-3.7
1583298000	4/19/2011	7:00	78	27.7	33.8	-1.5
1583301600	4/19/2011	8:00	78	27.7	33.8	-0.4
1583305200	4/19/2011	9:00	78	27.7	33.9	-0.7
1583308800	4/19/2011	10:00	78	27.7	33.9	-3.7
1583312400	4/19/2011	11:00	78	27.8	34	-0.3
1583316000	4/19/2011	12:00	78	27.8	34	-1.3
1583319600	4/19/2011	13:00	78	27.9	34.1	-4
1583323200	4/19/2011	14:00	78	28	34.1	-4.1
1583326800	4/19/2011	15:00	78	28	34.1	-3.2
1583330400	4/19/2011	16:00	78	28	34.2	-3.5
1583334000	4/19/2011	17:00	80	28.1	34.2	-3.9
1583337600	4/19/2011	18:00	81	28.1	34.2	-4.6
1583341200	4/19/2011	19:00	81.5	28.1	34.2	-4.6
1583344800	4/19/2011	20:00	81.5	28.1	34.2	-4.4
1583348400	4/19/2011	21:00	81.5	28.1	34.2	-4.6
1583352000	4/19/2011	22:00	81.5	28.2	34.2	-5.3
1583355600	4/19/2011	23:00	81.5	28.2	34.3	-5.2
1583359200	4/20/2011	0:00	82	28.2	34.3	-5.1
1583362800	4/20/2011	1:00	81.5	28.2	34.3	-5.1
1583366400	4/20/2011	2:00	81.5	28.2	34.3	-4.8
1583370000	4/20/2011	3:00	81.5	28.2	34.3	-4.1
1583373600	4/20/2011	4:00	81.5	28.2	34.3	-3.8
1583377200	4/20/2011	5:00	81.5	28.2	34.2	-4.2
1583380800	4/20/2011	6:00	81.5	28.3	34.3	-4.1
1583384400	4/20/2011	7:00	81.5	28.3	34.3	-2.4
1583388000	4/20/2011	8:00	81	28.3	34.4	0.5
1583391600	4/20/2011	9:00	78.5	28.3	34.4	3.5
1583395200	4/20/2011	10:00	78.5	28.3	34.4	4.1
1583398800	4/20/2011	11:00	77	28.3	34.5	4.8
1583402400	4/20/2011	12:00	76	28.3	34.5	5.7
1583406000	4/20/2011	13:00	75	28.3	34.5	5.2
1583409600	4/20/2011	14:00	77.5	28.3	34.4	4.4
1583413200	4/20/2011	15:00	77.5	28.3	34.4	2.9
1583416800	4/20/2011	16:00	77.5	28.3	34.4	1.4
1583420400	4/20/2011	17:00	77.5	28.3	34.4	1.5
1583424000	4/20/2011	18:00	77.5	28.3	34.4	0.4
1583427600	4/20/2011	19:00	77.5	28.3	34.4	-0.2
1583431200	4/20/2011	20:00	77.5	28.3	34.4	-0.4
1583434800	4/20/2011	21:00	77.5	28.4	34.5	0.4
1583438400	4/20/2011	22:00	77.5	28.3	34.4	0.4
1583442000	4/20/2011	23:00	77.5	28.4	34.5	0.2
1583445600	4/21/2011	0:00	81	28.3	34.4	0.8
1583449200	4/21/2011	1:00	81.5	28.4	34.5	0.5
1583452800	4/21/2011	2:00	81.5	28.4	34.5	-0.4
1583456400	4/21/2011	3:00	81.5	28.4	34.5	-1.2
1583460000	4/21/2011	4:00	81.5	28.5	34.6	-0.9
1583463600	4/21/2011	5:00	81.5	28.7	34.8	-3.5
1583467200	4/21/2011	6:00	82	28.8	34.9	-2.6
1583470800	4/21/2011	7:00	81	28.8	34.9	-0.1
1583474400	4/21/2011	8:00	80	28.8	34.9	1.4
1583478000	4/21/2011	9:00	78	28.8	34.9	0.7
1583481600	4/21/2011	10:00	78	28.8	35	3.5
1583485200	4/21/2011	11:00	78	28.8	35	3.5
1583488800	4/21/2011	12:00	78	28.8	35	4.2
1583492400	4/21/2011	13:00	78	28.8	35	6.5
1583496000	4/21/2011	14:00	78	28.8	35	2.3
1583499600	4/21/2011	15:00	78	28.8	35	2.5
1583503200	4/21/2011	16:00	78	28.8	35	4.8
1583506800	4/21/2011	17:00	78	28.8	35	2
1583510400	4/21/2011	18:00	76	28.8	34.9	0.3
1583514000	4/21/2011	19:00	124	28.9	35	-2.7
1583517600	4/21/2011	20:00	100	29	35.1	-4.8
1583521200	4/21/2011	21:00	81	29.1	35.2	-6.1
1583524800	4/21/2011	22:00	83	29.1	35.2	-6.4
1583528400	4/21/2011	23:00	83	29.1	35.2	-6.5
1583532000	4/22/2011	0:00	85	29.1	35.2	-6.6
1583535600	4/22/2011	1:00	82.5	29.1	35.2	-6.9
1583539200	4/22/2011	2:00	82.5	29.1	35.1	-6.8
1583542800	4/22/2011	3:00	82.5	29.1	35.2	-7.1
1583546400	4/22/2011	4:00	82.5	29.1	35.2	-7.2
1583550000	4/22/2011	5:00	80	29.1	35.2	-6.9
1583553600	4/22/2011	6:00	79	29.1	35.2	-6.3
1583557200	4/22/2011	7:00	79	29.1	35.2	-4.9
1583560800	4/22/2011	8:00	78	29.2	35.2	-4.4
1583564400	4/22/2011	9:00	0	29.1	35.2	-1.7
1583568000	4/22/2011	10:00	78	29.1	35.2	-1.1
1583571600	4/22/2011	11:00	77	29.1	35.3	-0.2
1583575200	4/22/2011	12:00	77	29.1	35.3	-0.1
1583578800	4/22/2011	13:00	77	29.1	35.3	-2.9
1583582400	4/22/2011	14:00	76	29.1	35.3	-1.8
1583586000	4/22/2011	15:00	77	29.1	35.3	-2.4
1583589600	4/22/2011	16:00	77	29.1	35.3	-2.6
1583593200	4/22/2011	17:00	77	29.1	35.2	-3.3
1583596800	4/22/2011	18:00	78	29.1	35.2	-4.4
1583600400	4/22/2011	19:00	78	29.1	35.2	-7
1583604000	4/22/2011	20:00	78	29.1	35.2	-7.8
1583607600	4/22/2011	21:00	78	29.1	35.2	-8.6
1583611200	4/22/2011	22:00	78	29.1	35.2	-6
1583614800	4/22/2011	23:00	78	29.1	35.2	-8.4
1583618400	4/23/2011	0:00	78	29.1	35.2	-5.3
1583622000	4/23/2011	1:00	78	29.1	35.2	-6.2
1583625600	4/23/2011	2:00	80.5	29.1	35.1	-7.6
1583629200	4/23/2011	3:00	80.5	29.1	35	-7.4
1583632800	4/23/2011	4:00	80.5	29.2	35.1	-7.3
1583636400	4/23/2011	5:00	80.5	29.2	35.1	-6.6
1583640000	4/23/2011	6:00	80.5	29.2	35.1	-4.9
1583643600	4/23/2011	7:00	80.5	29.3	35.4	-3.4
1583647200	4/23/2011	8:00	80.5	29.4	35.4	-3.5
1583650800	4/23/2011	9:00	80.5	29.4	35.5	-1.6
1583654400	4/23/2011	10:00	80.5	29.4	35.5	-0.9
1583658000	4/23/2011	11:00	80.5	29.4	35.6	1
1583661600	4/23/2011	12:00	80.5	29.4	35.6	-0.1
1583665200	4/23/2011	13:00	80.5	29.5	35.6	0.1
1583668800	4/23/2011	14:00	80.5	29.5	35.7	0.2
1583672400	4/23/2011	15:00	80.5	29.5	35.7	-1
1583676000	4/23/2011	16:00	80.5	29.6	35.7	-0.7
1583679600	4/23/2011	17:00	80.5	29.6	35.7	-2.2
1583683200	4/23/2011	18:00	80.5	29.6	35.8	-2.7
1583686800	4/23/2011	19:00	80.5	29.6	35.7	-2.8
1583690400	4/23/2011	20:00	80.5	29.7	35.8	-2.8
1583694000	4/23/2011	21:00	80.5	29.8	35.8	-2.9
1583697600	4/23/2011	22:00	80.5	29.8	35.9	-3.1
1583701200	4/23/2011	23:00	80.5	29.8	35.9	-3.3
1583704800	4/24/2011	0:00	83	29.8	35.9	-3.5
1583708400	4/24/2011	1:00	83.5	29.8	35.9	-3.8
1583712000	4/24/2011	2:00	83.5	29.8	35.9	-4.1
1583715600	4/24/2011	3:00	83.5	29.8	35.9	-4.1
1583719200	4/24/2011	4:00	83.5	29.8	35.9	-4.3
1583722800	4/24/2011	5:00	83.5	29.8	35.9	-4.7
1583726400	4/24/2011	6:00	83.5	29.8	35.9	-2.6
1583730000	4/24/2011	7:00	83.5	29.8	35.9	3.6
1583733600	4/24/2011	8:00	83.5	29.8	36	3.9
1583737200	4/24/2011	9:00	83.5	29.9	36	3
1583740800	4/24/2011	10:00	83.5	29.8	36	1.6
1583744400	4/24/2011	11:00	83.5	29.8	36	5
1583748000	4/24/2011	12:00	83.5	29.8	36	3.6
1583751600	4/24/2011	13:00	83.5	29.8	36	-1
1583755200	4/24/2011	14:00	83.5	29.9	36	-0.5
1583758800	4/24/2011	15:00	83.5	30	36.1	-2.3
1583762400	4/24/2011	16:00	83.5	30	36.2	-1.7
1583766000	4/24/2011	17:00	83.5	30	36.2	-2.5
1583769600	4/24/2011	18:00	83.5	30.1	36.1	-2.8
1583773200	4/24/2011	19:00	83.5	30.1	36.2	-2.5
1583776800	4/24/2011	20:00	83.5	30.2	36.3	-2.8
1583780400	4/24/2011	21:00	83.5	30.3	36.3	-3.7
1583784000	4/24/2011	22:00	83.5	30.3	36.3	-3.8
1583787600	4/24/2011	23:00	83.5	30.3	36.3	-3.9
1583791200	4/25/2011	0:00	84	30.3	36.3	-4.1
1583794800	4/25/2011	1:00	87	30.3	36.3	-4.6
1583798400	4/25/2011	2:00	87	30.3	36.3	-5.1
1583802000	4/25/2011	3:00	87	30.3	36.3	-5.2
1583805600	4/25/2011	4:00	87	30.3	36.3	-5.4
1583809200	4/25/2011	5:00	87	30.3	36.3	-5.7
1583812800	4/25/2011	6:00	87	30.3	36.3	-5.1
1583816400	4/25/2011	7:00	87	30.3	36.3	-4.5
1583820000	4/25/2011	8:00	87	30.4	36.4	-2.8
1583823600	4/25/2011	9:00	87	30.4	36.4	-1.2
1583827200	4/25/2011	10:00	87	30.4	36.4	-0.9
1583830800	4/25/2011	11:00	87	30.4	36.5	-0.7
1583834400	4/25/2011	12:00	87	30.4	36.5	0.7
1583838000	4/25/2011	13:00	87	30.5	36.5	-2.8
1583841600	4/25/2011	14:00	87	30.5	36.5	-1.1
1583845200	4/25/2011	15:00	87	30.5	36.6	-2.3
1583848800	4/25/2011	16:00	87	30.5	36.5	-3.5
1583852400	4/25/2011	17:00	87	30.6	36.6	-3.7
1583856000	4/25/2011	18:00	87	30.6	36.7	-3.9
1583859600	4/25/2011	19:00	87	30.7	36.6	-4.2
1583863200	4/25/2011	20:00	87	30.8	36.8	-5.3
1583866800	4/25/2011	21:00	87	31	36.9	-5.6
1583870400	4/25/2011	22:00	87	31	37	-5.8
1583874000	4/25/2011	23:00	87	31.1	37.1	-6.1
1583877600	4/26/2011	0:00	90	31.1	37.1	-6.6
1583881200	4/26/2011	1:00	92	31.2	37.1	-6.9
1583884800	4/26/2011	2:00	92	31.1	37.1	-7.1
1583888400	4/26/2011	3:00	92	31.2	37.1	-7.3
1583892000	4/26/2011	4:00	92	31.2	37.1	-7
1583895600	4/26/2011	5:00	92	31.2	37.1	-6.5
1583899200	4/26/2011	6:00	92	31.3	37.2	-6.1
1583902800	4/26/2011	7:00	92	31.3	37.3	-5
1583906400	4/26/2011	8:00	92	31.4	37.3	-2.1
1583910000	4/26/2011	9:00	92	31.4	37.3	-0.3
1583913600	4/26/2011	10:00	92	31.4	37.3	0.6
1583917200	4/26/2011	11:00	92	31.4	37.3	-0.1
1583920800	4/26/2011	12:00	92	31.4	37.3	2.5
1583924400	4/26/2011	13:00	92	31.4	37.4	-2.8
1583928000	4/26/2011	14:00	92	31.4	37.4	-1.6
1583931600	4/26/2011	15:00	92	31.4	37.4	-6.3
1583935200	4/26/2011	16:00	92	31.4	37.4	-5.9
1583938800	4/26/2011	17:00	92	31.4	37.3	-7.3
1583942400	4/26/2011	18:00	92	31.4	37.3	-7.9
1583946000	4/26/2011	19:00	92	31.4	37.3	-8.1
1583949600	4/26/2011	20:00	92	31.5	37.3	-8.4
1583953200	4/26/2011	21:00	92	31.5	37.3	-8.9
1583956800	4/26/2011	22:00	92	31.6	37.3	-9.1
1583960400	4/26/2011	23:00	92	31.6	37.3	-9.6
1583964000	4/27/2011	0:00	94	31.6	37.4	-9.8
1583967600	4/27/2011	1:00	92	31.6	37.5	-10.3
1583971200	4/27/2011	2:00	92	31.6	37.4	-10.3
1583974800	4/27/2011	3:00	92	31.6	37.4	-10.5
1583978400	4/27/2011	4:00	92	31.6	37.4	-10.6
1583982000	4/27/2011	5:00	92	31.7	37.4	-10.3
1583985600	4/27/2011	6:00	92	31.7	37.4	-9.9
1583989200	4/27/2011	7:00	92	31.7	37.3	-7
1583992800	4/27/2011	8:00	92	31.7	37.6	-5.7
1583996400	4/27/2011	9:00	92	31.7	37.6	-2.2
1584000000	4/27/2011	10:00	92	31.7	37.6	-2.8
1584003600	4/27/2011	11:00	92	31.7	37.6	-2.3
1584007200	4/27/2011	12:00	92	31.7	37.6	-4.2
1584010800	4/27/2011	13:00	90	31.7	37.6	-2.4
1584014400	4/27/2011	14:00	91.5	31.7	37.6	-2.3
1584018000	4/27/2011	15:00	91.5	31.7	37.6	-5.8
1584021600	4/27/2011	16:00	91.5	31.7	37.6	-6.6
1584025200	4/27/2011	17:00	91.5	31.7	37.6	-6.8
1584028800	4/27/2011	18:00	91.5	31.7	37.6	-8.1
1584032400	4/27/2011	19:00	91.5	31.7	37.6	-8.2
1584036000	4/27/2011	20:00	91.5	31.7	37.6	-8.5
1584039600	4/27/2011	21:00	91.5	31.8	37.6	-8.8
1584043200	4/27/2011	22:00	91.5	31.7	37.6	-9.1
1584046800	4/27/2011	23:00	91.5	31.8	37.6	-9.3
1584050400	4/28/2011	0:00	93	31.8	37.6	-8.9
1584054000	4/28/2011	1:00	90	31.7	37.6	-10.8
1584057600	4/28/2011	2:00	90	31.7	37.6	-11.3
1584061200	4/28/2011	3:00	90	31.7	37.6	-10
1584064800	4/28/2011	4:00	90	31.7	37.6	-11.5
1584068400	4/28/2011	5:00	90	31.7	37.6	-8.4
1584072000	4/28/2011	6:00	90	31.7	37.6	-1.6
1584075600	4/28/2011	7:00	90	31.8	37.6	-0.5
1584079200	4/28/2011	8:00	90	31.8	37.6	1
1584082800	4/28/2011	9:00	90	31.8	37.6	1.7
1584086400	4/28/2011	10:00	90	31.8	37.7	4.9
1584090000	4/28/2011	11:00	90	31.8	37.7	4
1584093600	4/28/2011	12:00	87	31.8	37.7	5.6
1584097200	4/28/2011	13:00	86.5	31.8	37.7	5
1584100800	4/28/2011	14:00	86.5	31.8	37.7	5.8
1584104400	4/28/2011	15:00	86.5	31.7	37.7	4.8
1584108000	4/28/2011	16:00	86	31.7	37.7	4.2
1584111600	4/28/2011	17:00	86	31.7	37.7	2
1584115200	4/28/2011	18:00	86	31.7	37.7	0.5
1584118800	4/28/2011	19:00	86	31.9	37.6	0.9
1584122400	4/28/2011	20:00	87	31.9	37.6	1.1
1584126000	4/28/2011	21:00	88.5	31.8	37.6	1
1584129600	4/28/2011	22:00	88.5	31.8	37.6	0.7
1584133200	4/28/2011	23:00	88.5	31.7	37.6	1.1
1584136800	4/29/2011	0:00	90	31.7	37.6	1
1584140400	4/29/2011	1:00	86	31.6	37.6	0.2
1584144000	4/29/2011	2:00	86	31.7	37.6	-0.3
1584147600	4/29/2011	3:00	86	31.6	37.6	-1.3
1584151200	4/29/2011	4:00	86	31.6	37.6	-1.8
1584154800	4/29/2011	5:00	86	31.6	37.6	-0.4
1584158400	4/29/2011	6:00	86	31.6	37.6	1
1584162000	4/29/2011	7:00	89.5	31.6	37.7	1.6
1584165600	4/29/2011	8:00	89.5	31.6	37.7	2
1584169200	4/29/2011	9:00	89.5	31.7	37.7	-0.3
1584172800	4/29/2011	10:00	89.5	31.7	37.7	-1.9
1584176400	4/29/2011	11:00	89.5	31.8	37.8	-3.8
1584180000	4/29/2011	12:00	89.5	31.9	37.9	-4.2
1584183600	4/29/2011	13:00	89.5	31.9	37.9	-4
1584187200	4/29/2011	14:00	89.5	32	38	-2.8
1584190800	4/29/2011	15:00	89.5	32.1	38	-4.5
1584194400	4/29/2011	16:00	89.5	32.1	38.1	-5.9
1584198000	4/29/2011	17:00	89.5	32.2	38.1	-8
1584201600	4/29/2011	18:00	89.5	32.2	38.1	-9.3
1584205200	4/29/2011	19:00	89.5	32.2	38.1	-9.7
1584208800	4/29/2011	20:00	89.5	32.3	38	-9.8
1584212400	4/29/2011	21:00	93	32.3	38.1	-10.8
1584216000	4/29/2011	22:00	93	32.3	38	-11.9
1584219600	4/29/2011	23:00	93	32.3	38.1	-12.5
1584223200	4/30/2011	0:00	93	32.3	38.1	-12.8
1584226800	4/30/2011	1:00	93	32.4	38.1	-13
1584230400	4/30/2011	2:00	93	32.4	38	-13.1
1584234000	4/30/2011	3:00	93	32.4	38	-13.7
1584237600	4/30/2011	4:00	93	32.4	38	-14
1584241200	4/30/2011	5:00	92.5	32.4	38	-13.7
1584244800	4/30/2011	6:00	92	32.4	38	-11.7
1584248400	4/30/2011	7:00	92	32.5	38.1	-10.4
1584252000	4/30/2011	8:00	91	32.5	38.1	-8.8
1584255600	4/30/2011	9:00	91	32.4	38.2	-6.4
1584259200	4/30/2011	10:00	91	32.4	38.3	-6.3
1584262800	4/30/2011	11:00	91	32.4	38.3	-5.2
1584266400	4/30/2011	12:00	90	32.4	38.3	-6
1584270000	4/30/2011	13:00	89	32.4	38.3	-3
1584273600	4/30/2011	14:00	93	32.4	38.4	-6.1
1584277200	4/30/2011	15:00	93	32.4	38.4	-6.4
1584280800	4/30/2011	16:00	93	32.4	38.4	-8
1584284400	4/30/2011	17:00	93	32.5	38.3	-9.7
1584288000	4/30/2011	18:00	93	32.5	38.3	-10.4
1584291600	4/30/2011	19:00	93	32.6	38.4	-11
1584295200	4/30/2011	20:00	93	32.6	38.4	-11.3
1584298800	4/30/2011	21:00	93	32.6	38.4	-12
1584302400	4/30/2011	22:00	93	32.6	38.4	-12.2
1584306000	4/30/2011	23:00	93	32.6	38.4	-12.6
1584309600	5/1/2011	0:00	95	32.6	38.3	-12.4
1584313200	5/1/2011	1:00	94	32.6	38.3	-11.8
1584316800	5/1/2011	2:00	94	32.6	38.3	-12
1584320400	5/1/2011	3:00	94	32.6	38.3	-11.6
1584324000	5/1/2011	4:00	94	32.6	38.3	-11.9
1584327600	5/1/2011	5:00	94	32.6	38.3	-10.8
1584331200	5/1/2011	6:00	94	32.6	38.3	-9.9
1584334800	5/1/2011	7:00	94	32.6	38.3	-6.4
1584338400	5/1/2011	8:00	94	32.6	38.4	-6.1
1584342000	5/1/2011	9:00	94	32.6	38.4	-6.1
1584345600	5/1/2011	10:00	94	32.6	38.4	-5.1
1584349200	5/1/2011	11:00	94	32.6	38.5	-4
1584352800	5/1/2011	12:00	94	32.6	38.5	-3.7
1584356400	5/1/2011	13:00	94	32.6	38.5	-4.6
1584360000	5/1/2011	14:00	94	32.6	38.5	-3.4
1584363600	5/1/2011	15:00	94	32.6	38.5	-5.4
1584367200	5/1/2011	16:00	94	32.6	38.5	-6
1584370800	5/1/2011	17:00	94	32.7	38.5	-8.3
1584374400	5/1/2011	18:00	94	32.8	38.6	-8.7
1584378000	5/1/2011	19:00	94	32.9	38.8	-8.9
1584381600	5/1/2011	20:00	94	32.9	38.8	-9.2
1584385200	5/1/2011	21:00	94	32.9	38.8	-9.3
1584388800	5/1/2011	22:00	94	32.9	38.7	-9.7
1584392400	5/1/2011	23:00	94	32.9	38.8	-10.8
1584396000	5/2/2011	0:00	93	32.9	38.8	-13.5
1584399600	5/2/2011	1:00	92.5	32.9	38.8	-13.7
1584403200	5/2/2011	2:00	92.5	32.9	38.8	-13.6
1584406800	5/2/2011	3:00	92.5	32.9	38.8	-13.5
1584410400	5/2/2011	4:00	92.5	33	38.8	-13.8
1584414000	5/2/2011	5:00	92.5	33	38.8	-10.6
1584417600	5/2/2011	6:00	92.5	32.9	38.7	-7.9
1584421200	5/2/2011	7:00	92.5	33	38.7	-6.2
1584424800	5/2/2011	8:00	92.5	33	38.8	-5.2
1584428400	5/2/2011	9:00	92.5	33	38.8	-3.6
1584432000	5/2/2011	10:00	92.5	33	38.8	-3.7
1584435600	5/2/2011	11:00	92.5	33	38.8	-2.4
1584439200	5/2/2011	12:00	92.5	33	38.9	0.5
1584442800	5/2/2011	13:00	92.5	33	38.9	0.2
1584446400	5/2/2011	14:00	92.5	33	38.9	-4
1584450000	5/2/2011	15:00	92.5	32.9	38.9	-2.9
1584453600	5/2/2011	16:00	92.5	33	38.9	-4.2
1584457200	5/2/2011	17:00	92.5	33	38.9	-6.4
1584460800	5/2/2011	18:00	92.5	33	38.9	-7.9
1584464400	5/2/2011	19:00	92.5	33	38.8	-8.5
1584468000	5/2/2011	20:00	92.5	32.9	38.8	-8.6
1584471600	5/2/2011	21:00	92	33	38.8	-6.9
1584475200	5/2/2011	22:00	92	33	38.8	-7.3
1584478800	5/2/2011	23:00	92	33	38.8	-7.7
1584482400	5/3/2011	0:00	91	33	38.8	-8.1
1584486000	5/3/2011	1:00	92	33	38.8	-7.8
1584489600	5/3/2011	2:00	92	33	38.8	-9.1
1584493200	5/3/2011	3:00	92	33	38.8	-9.7
1584496800	5/3/2011	4:00	91	33	38.8	-9.7
1584500400	5/3/2011	5:00	91	33	38.8	-4.5
1584504000	5/3/2011	6:00	90	33	38.8	-1.6
1584507600	5/3/2011	7:00	90	33	38.8	-0.9
1584511200	5/3/2011	8:00	89	33	38.9	2.5
1584514800	5/3/2011	9:00	90	33	38.9	4.4
1584518400	5/3/2011	10:00	90	33	38.9	4.3
1584522000	5/3/2011	11:00	89	33	38.9	3.2
1584525600	5/3/2011	12:00	89	32.9	38.9	3.8
1584529200	5/3/2011	13:00	89	32.9	38.9	5.8
1584532800	5/3/2011	14:00	89	32.9	38.9	3.8
1584536400	5/3/2011	15:00	89	32.9	38.9	3.4
1584540000	5/3/2011	16:00	89	32.9	38.9	3.4
1584543600	5/3/2011	17:00	89	32.9	38.9	1
1584547200	5/3/2011	18:00	89	33	38.9	-0.2
1584550800	5/3/2011	19:00	89	33	38.9	-0.1
1584554400	5/3/2011	20:00	89	33	38.9	0.5
1584558000	5/3/2011	21:00	90	33	38.9	0.3
1584561600	5/3/2011	22:00	89	33	38.9	-0.1
1584565200	5/3/2011	23:00	89	32.9	38.8	-0.4
1584568800	5/4/2011	0:00	89	32.9	38.8	-1
1584572400	5/4/2011	1:00	89	32.9	38.7	-2.7
1584576000	5/4/2011	2:00	89	32.9	38.7	-2.9
1584579600	5/4/2011	3:00	88	32.9	38.6	-3.2
1584583200	5/4/2011	4:00	88	32.9	38.7	-3.2
1584586800	5/4/2011	5:00	88	32.9	38.7	-2.6
1584590400	5/4/2011	6:00	88	33	38.8	-0.8
1584594000	5/4/2011	7:00	88	33	38.8	-1.3
1584597600	5/4/2011	8:00	88	33	38.9	0.5
1584601200	5/4/2011	9:00	87	33	38.9	4.2
1584604800	5/4/2011	10:00	87	33	39	3.3
1584608400	5/4/2011	11:00	88	32.9	39	2.7
1584612000	5/4/2011	12:00	87	32.9	39	2.9
1584615600	5/4/2011	13:00	86.5	32.9	39	1.1
1584619200	5/4/2011	14:00	86	32.9	39	4
1584622800	5/4/2011	15:00	87	32.9	39	0.9
1584626400	5/4/2011	16:00	87	32.9	39	-1.1
1584630000	5/4/2011	17:00	87	32.9	39	-1.4
1584633600	5/4/2011	18:00	87	32.9	39	-2
1584637200	5/4/2011	19:00	89	33	39	-3.2
1584640800	5/4/2011	20:00	89	33	38.9	-4.1
1584644400	5/4/2011	21:00	89	33	38.9	-4.9
1584648000	5/4/2011	22:00	89	33.1	38.9	-5.6
1584651600	5/4/2011	23:00	89	33	38.9	-5.6
1584655200	5/5/2011	0:00	91	33.1	38.9	-6
1584658800	5/5/2011	1:00	89.5	33.1	38.9	-7.1
1584662400	5/5/2011	2:00	89.5	33.1	38.9	-8.8
1584666000	5/5/2011	3:00	89.5	33.1	38.9	-9.3
1584669600	5/5/2011	4:00	88	33.1	38.9	-10.4
1584673200	5/5/2011	5:00	87	33.1	38.9	-4.8
1584676800	5/5/2011	6:00	87	32.9	38.9	-0.8
1584680400	5/5/2011	7:00	87	32.9	38.9	-0.2
1584684000	5/5/2011	8:00	87	32.9	38.9	2.5
1584687600	5/5/2011	9:00	87	33	39	3.4
1584691200	5/5/2011	10:00	85	32.9	39	6.2
1584694800	5/5/2011	11:00	86	32.9	39	7.9
1584698400	5/5/2011	12:00	85	32.9	39	7.8
1584702000	5/5/2011	13:00	85	32.9	39	7.9
1584705600	5/5/2011	14:00	84	32.8	39	6.7
1584709200	5/5/2011	15:00	86.5	32.9	39	6.3
1584712800	5/5/2011	16:00	86.5	32.9	39	5.2
1584716400	5/5/2011	17:00	86.5	32.9	39	2.9
1584720000	5/5/2011	18:00	86.5	32.9	39	0
1584723600	5/5/2011	19:00	86.5	33	39	-0.3
1584727200	5/5/2011	20:00	86.5	33.1	38.9	2
1584730800	5/5/2011	21:00	86.5	33	38.9	2.4
1584734400	5/5/2011	22:00	86.5	33	38.9	1.8
1584738000	5/5/2011	23:00	86.5	33.1	38.9	0.3
1584741600	5/6/2011	0:00	89	32.9	38.9	2.2
1584745200	5/6/2011	1:00	86	33	38.9	1.1
1584748800	5/6/2011	2:00	86	33	38.9	1.3
1584752400	5/6/2011	3:00	86	32.9	38.9	1
1584756000	5/6/2011	4:00	86	32.7	38.9	1.4
1584759600	5/6/2011	5:00	86	32.7	38.9	2.2
1584763200	5/6/2011	6:00	86	32.8	38.9	2.5
1584766800	5/6/2011	7:00	86	32.7	38.9	3.6
1584770400	5/6/2011	8:00	86	32.6	38.9	4.4
1584774000	5/6/2011	9:00	86	32.7	39	7.1
1584777600	5/6/2011	10:00	83	32.7	39	8.5
1584781200	5/6/2011	11:00	84	32.7	39	9.7
1584784800	5/6/2011	12:00	85.5	32.7	39	8.9
1584788400	5/6/2011	13:00	85.5	32.7	39	8.1
1584792000	5/6/2011	14:00	85.5	32.7	39	8.4
1584795600	5/6/2011	15:00	85.5	32.6	39	8.6
1584799200	5/6/2011	16:00	85.5	32.6	39	7
1584802800	5/6/2011	17:00	85.5	32.6	39	5.9
1584806400	5/6/2011	18:00	85.5	32.5	39	4.8
1584810000	5/6/2011	19:00	85.5	32.6	39	4.5
1584813600	5/6/2011	20:00	85.5	32.6	39	4.2
1584817200	5/6/2011	21:00	85.5	32.6	38.9	4.3
1584820800	5/6/2011	22:00	85.5	32.6	38.9	3.5
1584824400	5/6/2011	23:00	85.5	32.7	38.9	2.8
1584828000	5/7/2011	0:00	87	32.7	38.9	0.5
1584831600	5/7/2011	1:00	85	32.8	38.9	1
1584835200	5/7/2011	2:00	83	32.7	38.9	2.1
1584838800	5/7/2011	3:00	82	32.7	38.9	2.4
1584842400	5/7/2011	4:00	82	32.6	38.9	2.9
1584846000	5/7/2011	5:00	82	32.6	38.9	3.4
1584849600	5/7/2011	6:00	82	32.4	38.9	5.4
1584853200	5/7/2011	7:00	81	32.3	38.9	8.5
1584856800	5/7/2011	8:00	82	32.3	39	8.8
1584860400	5/7/2011	9:00	82	32.4	39	9.7
1584864000	5/7/2011	10:00	82	32.5	39.1	10.7
1584867600	5/7/2011	11:00	84	32.4	39.1	11
1584871200	5/7/2011	12:00	84	32.4	39.1	10.7
1584874800	5/7/2011	13:00	84	32.4	39.1	11.5
1584878400	5/7/2011	14:00	84	32.3	39.1	9.5
1584882000	5/7/2011	15:00	84	32.2	39.1	11.8
1584885600	5/7/2011	16:00	84	32.2	39	11
1584889200	5/7/2011	17:00	84	32.1	39.1	8.1
1584892800	5/7/2011	18:00	84	32.1	39	7.9
1584896400	5/7/2011	19:00	84	32.1	39	7.5
1584900000	5/7/2011	20:00	84	32.2	39	6.9
1584903600	5/7/2011	21:00	84	32.2	39	6.5
1584907200	5/7/2011	22:00	84	32.2	39	6.5
1584910800	5/7/2011	23:00	84	32.2	38.9	5.9
1584914400	5/8/2011	0:00	86	32.2	38.9	6.1
1584918000	5/8/2011	1:00	82	32.2	38.9	5.9
1584921600	5/8/2011	2:00	82	32.1	38.9	6
1584925200	5/8/2011	3:00	82	32.1	38.9	5.4
1584928800	5/8/2011	4:00	82	32.3	38.9	4.9
1584932400	5/8/2011	5:00	82	32.3	38.9	6.6
1584936000	5/8/2011	6:00	82	31.9	39	7.9
1584939600	5/8/2011	7:00	82	31.9	39	9.2
1584943200	5/8/2011	8:00	82	32	39	9.6
1584946800	5/8/2011	9:00	82	31.9	39.1	11.4
1584950400	5/8/2011	10:00	82	32	39.1	11.7
1584954000	5/8/2011	11:00	78	32	39.1	11.4
1584957600	5/8/2011	12:00	78	31.9	39.1	11.8
1584961200	5/8/2011	13:00	80.5	31.9	39.1	12.5
1584964800	5/8/2011	14:00	80.5	31.8	39.1	12.2
1584968400	5/8/2011	15:00	80.5	31.7	39.1	12.2
1584972000	5/8/2011	16:00	80.5	31.7	39.1	10.8
1584975600	5/8/2011	17:00	80.5	31.6	39	8
1584979200	5/8/2011	18:00	80.5	31.6	39	6.2
1584982800	5/8/2011	19:00	80.5	31.6	39	6.2
1584986400	5/8/2011	20:00	80.5	31.6	38.9	3.9
1584990000	5/8/2011	21:00	80.5	31.6	38.9	5.2
1584993600	5/8/2011	22:00	80.5	31.6	38.9	3.9
1584997200	5/8/2011	23:00	80.5	31.7	38.9	4.5
1585000800	5/9/2011	0:00	83	31.8	38.9	1.7
1585004400	5/9/2011	1:00	80	31.9	38.9	4.3
1585008000	5/9/2011	2:00	80	31.9	38.9	3.2
1585011600	5/9/2011	3:00	80	31.9	38.9	2.7
1585015200	5/9/2011	4:00	80	32	38.9	2.5
1585018800	5/9/2011	5:00	80	31.8	38.9	3
1585022400	5/9/2011	6:00	80	31.7	38.9	5.4
1585026000	5/9/2011	7:00	80	31.2	38.9	7.2
1585029600	5/9/2011	8:00	80	31.2	39	8.5
1585033200	5/9/2011	9:00	77	31.4	39	9.2
1585036800	5/9/2011	10:00	77	31.5	39.1	9
1585040400	5/9/2011	11:00	79	31.5	39.1	9.9
1585044000	5/9/2011	12:00	79	31.4	39.1	8.9
1585047600	5/9/2011	13:00	79	31.4	39.1	7.4
1585051200	5/9/2011	14:00	79	31.3	39	4.5
1585054800	5/9/2011	15:00	79	31.3	39	0.9
1585058400	5/9/2011	16:00	79	31.3	39	-1
1585062000	5/9/2011	17:00	79	31.4	39	-2.2
1585065600	5/9/2011	18:00	79	31.4	39.1	-2.7
1585069200	5/9/2011	19:00	79	31.4	39.1	-2.8
1585072800	5/9/2011	20:00	79	31.4	39	-2.3
1585076400	5/9/2011	21:00	79	31.5	39	-1.9
1585080000	5/9/2011	22:00	79	31.5	39	-3
1585083600	5/9/2011	23:00	79	31.5	39	-2.9
1585087200	5/10/2011	0:00	81	31.5	39	-3
1585090800	5/10/2011	1:00	80	31.5	39	-3.2
1585094400	5/10/2011	2:00	80	31.6	39	-3.4
1585098000	5/10/2011	3:00	80	31.6	39	-4.7
1585101600	5/10/2011	4:00	80	31.6	39	-3.3
1585105200	5/10/2011	5:00	80	31.6	39	-1.1
1585108800	5/10/2011	6:00	80	31.5	39	-0.2
1585112400	5/10/2011	7:00	80	31.3	39	1.3
1585116000	5/10/2011	8:00	80	31.2	39.1	3.3
1585119600	5/10/2011	9:00	80	31.4	39.2	4
1585123200	5/10/2011	10:00	80	31.4	39.1	4.9
1585126800	5/10/2011	11:00	80	31.4	39.2	6.9
1585130400	5/10/2011	12:00	80	31.4	39.2	6.7
1585134000	5/10/2011	13:00	80	31.4	39.2	8.1
1585137600	5/10/2011	14:00	80	31.3	39.2	4.5
1585141200	5/10/2011	15:00	80	31.3	39.2	5.2
1585144800	5/10/2011	16:00	80	31.3	39.1	4.6
1585148400	5/10/2011	17:00	80	31.3	39.1	4.2
1585152000	5/10/2011	18:00	80	31.3	39.1	2.5
1585155600	5/10/2011	19:00	80	31.2	39.1	1.5
1585159200	5/10/2011	20:00	80	31.3	39.1	-0.7
1585162800	5/10/2011	21:00	80	31.3	39.1	-1.1
1585166400	5/10/2011	22:00	80	31.3	39.1	-0.7
1585170000	5/10/2011	23:00	80	31.4	39.1	-1.7
1585173600	5/11/2011	0:00	79	31.4	39.2	-1.5
1585177200	5/11/2011	1:00	86	31.5	39.2	-1.7
1585180800	5/11/2011	2:00	86	31.5	39.2	-2.5
1585184400	5/11/2011	3:00	86	31.6	39.3	-2.9
1585188000	5/11/2011	4:00	86	31.7	39.4	-3
1585191600	5/11/2011	5:00	86	31.8	39.4	-3.5
1585195200	5/11/2011	6:00	86	31.9	39.5	-3.4
1585198800	5/11/2011	7:00	86	32	39.6	-2.3
1585202400	5/11/2011	8:00	86	32	39.7	-2.8
1585206000	5/11/2011	9:00	86	32.1	39.7	-0.1
1585209600	5/11/2011	10:00	86	32.2	39.8	-0.6
1585213200	5/11/2011	11:00	86	32.3	39.9	-2
1585216800	5/11/2011	12:00	86	32.3	40	1.5
1585220400	5/11/2011	13:00	86	32.4	40	3.2
1585224000	5/11/2011	14:00	86	32.4	40	-0.8
1585227600	5/11/2011	15:00	86	32.4	40	1.5
1585231200	5/11/2011	16:00	86	32.4	40	-1.3
1585234800	5/11/2011	17:00	86	32.4	40	-2.3
1585238400	5/11/2011	18:00	86	32.4	40	-2.8
1585242000	5/11/2011	19:00	86	32.4	40	-2.9
1585245600	5/11/2011	20:00	86	32.4	40	-3.2
1585249200	5/11/2011	21:00	86	32.5	40	-3.7
1585252800	5/11/2011	22:00	86	32.5	40	-4
1585256400	5/11/2011	23:00	86	32.5	40	-4.2
1585260000	5/12/2011	0:00	92	32.5	40	-4.2
1585263600	5/12/2011	1:00	90	32.5	40	-4.3
1585267200	5/12/2011	2:00	90	32.6	40	-4.5
1585270800	5/12/2011	3:00	90	32.6	40	-4.7
1585274400	5/12/2011	4:00	90	32.7	40.1	-4.7
1585278000	5/12/2011	5:00	90	32.7	40.1	-4.4
1585281600	5/12/2011	6:00	90	32.8	40.2	-3.8
1585285200	5/12/2011	7:00	90	32.8	40.2	-3.2
1585288800	5/12/2011	8:00	90	32.9	40.3	-2.4
1585292400	5/12/2011	9:00	90	32.9	40.3	-2.1
1585296000	5/12/2011	10:00	90	32.9	40.3	-1.8
1585299600	5/12/2011	11:00	90	32.9	40.4	-1.6
1585303200	5/12/2011	12:00	90	32.9	40.4	-1.5
1585306800	5/12/2011	13:00	90	32.9	40.4	-1.3
1585310400	5/12/2011	14:00	88	32.9	40.3	-2.2
1585314000	5/12/2011	15:00	88	32.9	40.4	-1.8
1585317600	5/12/2011	16:00	88	32.9	40.4	-1.4
1585321200	5/12/2011	17:00	88	33	40.4	-1.3
1585324800	5/12/2011	18:00	88	33	40.4	-1
1585328400	5/12/2011	19:00	88	32.9	40.4	-0.7
1585332000	5/12/2011	20:00	88	32.9	40.4	-0.6
1585335600	5/12/2011	21:00	87	32.9	40.4	-0.6
1585339200	5/12/2011	22:00	87	32.9	40.4	-0.7
1585342800	5/12/2011	23:00	87	32.9	40.4	-1
1585346400	5/13/2011	0:00	87	32.9	40.4	-1
1585350000	5/13/2011	1:00	87	32.9	40.4	-1.3
1585353600	5/13/2011	2:00	87	32.9	40.4	-1.4
1585357200	5/13/2011	3:00	87	32.9	40.4	-1.6
1585360800	5/13/2011	4:00	87	33	40.4	-1.9
1585364400	5/13/2011	5:00	87	33	40.4	-1.5
1585368000	5/13/2011	6:00	86	33	40.4	2.5
1585371600	5/13/2011	7:00	86	33	40.4	4.3
1585375200	5/13/2011	8:00	85	33	40.5	6.4
1585378800	5/13/2011	9:00	85	33	40.5	5.7
1585382400	5/13/2011	10:00	85	33	40.5	7.6
1585386000	5/13/2011	11:00	84	33	40.5	9.1
1585389600	5/13/2011	12:00	83	33	40.5	8
1585393200	5/13/2011	13:00	82	32.9	40.5	7.8
1585396800	5/13/2011	14:00	81	33	40.5	7.9
1585400400	5/13/2011	15:00	81	32.9	40.5	6.3
						
						
						
						
						
						
						
						
						
						
						
						
						
						
						
						
						
						
						
						
						
						
						
						
						
						
						
						
						
						
						
						
						
						
						
						
						
						
						
						
						
						
						
						
						
						
						
						
						
						
						
						
						
						
						
						
						
						
						
						
						
						
						
						
						
						
						
						
						
						
						
						
						
						
						
						
						
						
						
						
						
						
						
						
						
						
						
						
						
						
						
						
						
						
						
						
						
						
						
						
						
						
						
						
						
						
						
						
						
						
						
						
						
						
						
						
						
						
						
						
						
						
						
						
						
						
						
						
						
						
						
						
						
						
						
						
						
						
						
						
						
						
						
						
						
						
						
						
						
						
						
						
						
						
						
						
						
						
						
						
						
						
						
						
						
						
						
						
						
						
						
						
						
						
						
						
						
						
						
						
						
						
						
						
						
						
						
						
						
						
						
						
						
						
						
						
						
						
						
						
						
						
						
						
						
						
						
						
						
						
						
						
						
						
						
						
						
						
						
						
						
						
						
						
						
						
						
						
						
						
						
						
						
						
						
						
						
						
						
						
						
						
						
						
						
						
						
						
						
						
						
						
						
						
						
						
						
						
						
						
						
						
						
						
						
						
						
						
						
						
						
						
						
						
						
						
						
						
						
						
						
						
						
						
						
						
						
						
						
						
						
						
						
						
						
						
						
						
						
						
						
						
						
						
						
						
						
						
						
						
						
						
						
						
						
						
						
						
						
						
						
						
						
						
						
						
						
						
						
						
						
						
						
						
						
						
						
						
						
						
						
						
						
						
						
						
						
						
						
						
						
						
						
						
						
						
						
						
						
						
						
						
						
						
						
						
						
						
						
						
						
						
						
						
						
						
						
						
						
						
						
						
						
						
						
						
						
						
						
						
						
						
						
						
						
						
						
						
						
						
						
						
						
						
						
						
						
						
						
						
						
						
						
						
						
						
						
						
						
						
						
						
						
						
						
						
						
						
						
						
						
						
						
						
						
						
						
						
						
						
						
						
						
						
						
						
						
						
						
						
						
						
						
						
						
						
						
						
						
						
						
						
						
						
						
						
						
						
						
						
						
						
						
						
						
						
						
						
						
						
						
						
						
						
						
						
						
						
						
						
						
						
						
						
						
						
						
						
						
						
						
						
						
						
						
						
						
						
						
						
						
						
						
						
						
						
						
						
						
						
						
						
						
						
						
						
						
						
						
						
						
						
						
						
						
						
						
						
						
						
						
						
						
						
						
						
						
						
						
						
						
						
						
						
						
						
						
						
						
						
						
						
						
						
						
						
						
						
						
						
						
						
						
						
						
						
						
						
						
						
						
						
						
						
						
						
						
						
						
						
						
						
						
						
						
						
						
						
						
						
						
						
						
						
						
						
						
						
						
						
						
						
						
						
						
						
						
						
						
						
						
						
						
						
						
						
						
						
						
						
						
						
						
						
						
						
						
						
						
						
						
						
						
						
						
						
						
						
						
						
						
						
						
						
						
						
						
						
						
						
						
						
						
						
						
						
						
						
						
						
						
						
						
						
						
						
						
						
						
						
						
						
						
						
						
						
						
						
						
						
						
						
						
						
						
						
						
						
						
						
						
						
						
						
						
						
						
						
						
						
						
						
						
						
						
						
						
						
						
						
						
						
						
						
						
						
						
						
						
						
						
						
						
						
						
						
						
						
						
						
						
						
						
						
						
						
						
						
						
						
						
						
						
						
						
						
						
						
						
						
						
						
						
						
						
						
						
						
						
						
						
						
						
						
						
						
						
						
						
						
						
						
						
						
						
						
						
						
						
						
						
						
						
						
						
						
						
						
						
						
						
						
						
						
						
						
						
						
						
						
						
						
						
						
						
						
						
						
						
						
						
						
						
						
						
						
						
						
						
						
						
						
						
						
						
						
						
						
						
						
						
						
						
						
						
						
						
						
						
						
						
						
						
						
						
						
						
						
						
						
						
						
						
						
						
						
						
						
						
						
						
						
						
						
						
						
						
						
						
						
						
						
						
						
						
						
						
						
						
						
						
						
						
						
						
						
						
						
						
						
						
						
						
						
						
						
						
						
						
						
						
						
						
						
						
						
						
						
						
						
						
						
						
						
						
						
						
						
						
						
						
						
						
						
						
						
						
						
						
						
						
						
						
						
						
						
						
						
						
						
						
						
						
						
						
						
						
						
						
						
						
						
						
						
						
						
						
						
						
						
						
						
						
						
						
						
						
						
						
						
						
						
						
						
						
						
						
						
						
						
						
						
						
						
						
						
						
						
						
						
						
						
						
						
						
						
						
						
						
						
						
						
						
						
						
						
						
						
						
						
						
						
						
						
						
						
						
						
						
						
						
						
						
						
						
						
						
						
						
						
						
						
						
						
						
						
						
						
						
						
						
						
						
						
						
						
						
						
						
						
						
						
						
						
						
						
						
						
						
						
						
						
						
						
						
						
						
						
						
						
						
